00000000000000011110000100000011
00000000000000010100001000000011
00000000000000111110001100000011
00000001111111100000100000000011
00000000000000000010100000010000
00000000000000000010100000010000
00000000000000000010100000010000
00000000000000000010100000010000
00000000000000000010100000010000
00000000000000011110010000010011
00000000000000000010010100010001
00000000000000000010011000011001
00000000000000000010011100010010
00000000000000000010100000010000
00000000000000000010100000010000
00000000000000000010100000010000
00000000000000000010100000010000
00000000000000000010100000010000
00000000000000000010100000010000
00000000000000000010100000010000
00000000000000000010100000010000
00000000000000000010100000010000
00000000000000000010100000010000
